91.9
119.3
21.1
94.7
69.8
42.1
83.5
32.4
166.2
66.4
47.3
56.4
26.6
69.9
43.4
62.4
50.2
12.9
38.0
46.6
60.5
49.0
21.1
58.5
54.2
52.3
64.8
60.3
60.5
40.7
38.1
49.7
55.6
96.5
64.2
29.3
92.1
104.0
61.4
57.4
86.6
45.6
67.2
33.6
69.7
44.7
163.3
69.7
94.0
98.1
64.9
107.4
101.2
139.7
52.2
79.4
114.6
82.1
130.4
176.5
205.4
81.1
81.1
132.9
99.8
82.8
63.6
109.3
60.7
79.6
70.3
62.8
52.4
25.0
24.3
34.6
28.1
35.1
35.1
22.1
7.9
43.7
63.4
24.6
22.4
39.4
31.4
27.4
48.6
47.6
29.0
32.8
51.9
46.0
20.5
31.4
57.5
39.3
30.5
46.4
